,3.-

JunO: 24153.

Mercurius: 157-159, 647. 1018. 1056—58. 1116.
XIV, 128. 1766. 2253. 4865. 10975. 295, 795. 11263. 12529.
925 -13158, 11931. 414. 1698916185. 376. 387. 498. 18137.
814. 19313. 999. 20133. 132. 581. 22213. 411-420. 802.
23729. 24161.

Pallas: [1587] 2422, 3119773512259.1284615526.

17231. 18299. 23731.
Phoebus: 43. 155. 196. 197. 198. 299. 257452. 799.

975. 1935. 1966.197ο-2184. 2279. 2931. 411643754569.
4696. 5178. 5543. 6188. 6189. 7248. 7884. 8435847611.

86912- 8⁷36· 8808· 90³0· 9543· 1151ι ¹0229· ⁶54· 949·
11656. 749. 12359. 478. 739. 13319-29. 498. 594. 14187.
845. 15997. 294--6, 297. 419. 562. 16281525. 554. 608.
956. 17678942. 18166. 196. 781. 19257.. 20291. 292. 203.
448. 551. 825. 21911. 562. 22561. 23991 519. 839. 24169ψ·
62. 159. 163-164.

Venus: 12281.

11.1ndex deor. nom. vol. XI, 1.

Aphrodite: 139. 449. 449. 764. 961. 2768.

Diana: 3853 (Diane). ⁵

Herma: 528. 2961. 3948.

Hermes: 223. 716. 742. 1999. 1147. 1445. 1466.
14712721. 3963.

Mercurius 2562.

Phoebust 580. 819. 1759. 3294.

 

